   1кв.            1          43102.6   44568.1             209             189
   1кв.            6          11707.2   10922.8              45              40
   1кв.            7           5498.0    5650.9              20              18
   2кв.            1          52684.5   51825.4             200             190
   2кв.            6          15905.3   16000.2              46              45
   2кв.            7           6895.0    7000.4              25              23
   3кв.            1          68453.4   68400.3             198             195
   3кв.            6          14236.6   14000.7              45              43
   3кв.            7           7245.2    7300.1              23              23
   4кв.            1           7529.9    7524.0              22              21
   4кв.            6           1566.0    1540.1               5               5
   4кв.            7            797.0     803.0               3               3